-1 1 0 -0 0 -0 0 
-0.9 1 0.1 -0.0233333 0.0132222 -0.0119 0.0146767 
-0.8 1 0.2 -0.0266667 0.0124444 -0.00995556 0.011283 
-0.7 1 0.3 -0.00999999 0.00366666 -0.00256666 0.00265222 
-0.6 1 0.4 0.0266667 -0.00711112 0.00426667 -0.00398222 
-0.5 1 0.5 0.0833334 -0.0138889 0.00694444 -0.00578704 
-0.4 1 0.6 0.16 -0.0106667 0.00426666 -0.00312889 
-0.3 1 0.7 0.256667 0.00855557 -0.00256667 0.00162556 
-0.2 1 0.8 0.373333 0.0497778 -0.00995556 0.00530963 
-0.0999999 1 0.9 0.51 0.119 -0.0119 0.00515666 
7.30157e-08 1 1 0.666667 0.222222 1.62257e-08 -5.40857e-09 
0.1 1 1.1 0.843333 0.365445 0.0365445 -0.00852704 
0.2 1 1.2 1.04 0.554667 0.110933 -0.0147911 
0.3 1 1.3 1.25667 0.795889 0.238767 -0.00795888 
0.4 1 1.4 1.49333 1.09511 0.438045 0.029203 
0.5 1 1.5 1.75 1.45833 0.729167 0.121528 
0.6 1 1.6 2.02667 1.89156 1.13493 0.302649 
0.7 1 1.7 2.32333 2.40078 1.68055 0.6162 
0.8 1 1.8 2.64 2.992 2.3936 1.11701 
0.9 1 1.9 2.97667 3.67122 3.3041 1.87232 
